5 0.57265625 0.44140625 0.28828125 0.11640625
8 0.71640625 0.47890625 0.040625 0.03828125
11 0.41328125 0.48828125 0.08359375 0.078125
2 0.175 0.534375 0.03046875 0.05234375
10 0.58125 0.56171875 0.1375 0.075
7 0.83125 0.56796875 0.0515625 0.065625
9 0.3953125 0.56953125 0.1390625 0.40390625
14 0.22578125 0.71171875 0.09453125 0.203125
4 0.6953125 0.71484375 0.32578125 0.10078125
14 0.5125 0.725 0.1484375 0.2203125
14 0.77265625 0.79296875 0.14453125 0.065625
3 0.29140625 0.56875 0.1421875 0.359375