5 0.51328125 0.471875 0.2578125 0.12109375
11 0.36640625 0.5046875 0.0546875 0.0578125
10 0.578125 0.5796875 0.1046875 0.07265625
9 0.34296875 0.5859375 0.13984375 0.359375
2 0.10078125 0.59609375 0.02421875 0.07265625
7 0.7890625 0.60546875 0.0265625 0.06328125
4 0.6546875 0.67890625 0.321875 0.190625
13 0.11015625 0.71875 0.053125 0.13671875
14 0.47421875 0.72578125 0.1109375 0.209375
14 0.16640625 0.7921875 0.09140625 0.18359375
14 0.7265625 0.82578125 0.13125 0.1
3 0.25078125 0.5953125 0.115625 0.340625