5 0.3765625 0.47734375 0.23125 0.08671875
11 0.7140625 0.5140625 0.02265625 0.0296875
5 0.8046875 0.5140625 0.15234375 0.0578125
8 0.51796875 0.5203125 0.05859375 0.053125
8 0.8953125 0.54140625 0.02109375 0.03515625
10 0.11875 0.5546875 0.06484375 0.08984375
10 0.72109375 0.5578125 0.02265625 0.05078125
7 0.87421875 0.5765625 0.02890625 0.053125
7 0.3390625 0.58125 0.1078125 0.10390625
14 0.57421875 0.6140625 0.04140625 0.1203125
4 0.79375 0.6203125 0.2078125 0.09375
4 0.24609375 0.6578125 0.33515625 0.1796875
14 0.42578125 0.6796875 0.0734375 0.18515625