5 0.37421875 0.4640625 0.24140625 0.109375
8 0.5125 0.5 0.0578125 0.0546875
11 0.2546875 0.50390625 0.02734375 0.03671875
1 0.74453125 0.5359375 0.0265625 0.04609375
6 0.5328125 0.55625 0.125 0.30859375
7 0.33359375 0.57421875 0.11015625 0.065625
10 0.1296875 0.58671875 0.025 0.0578125
4 0.259375 0.6640625 0.2984375 0.17109375
14 0.4109375 0.72109375 0.11875 0.190625
14 0.6859375 0.7234375 0.0921875 0.18359375
14 0.484375 0.78046875 0.07109375 0.065625
14 0.19140625 0.7828125 0.1203125 0.08125
3 0.62734375 0.56015625 0.11953125 0.31328125