5 0.57890625 0.44140625 0.2875 0.1359375
11 0.4359375 0.47578125 0.0859375 0.07421875
2 0.15234375 0.4875 0.0203125 0.06484375
9 0.39296875 0.5375 0.15625 0.37109375
10 0.64921875 0.5734375 0.13125 0.09609375
13 0.1484375 0.61328125 0.0546875 0.146875
4 0.7203125 0.67734375 0.3015625 0.16328125
14 0.2 0.6890625 0.0875 0.1796875
14 0.53828125 0.7109375 0.1140625 0.20078125
14 0.4265625 0.759375 0.0828125 0.05078125
14 0.77734375 0.784375 0.1125 0.0546875
3 0.2859375 0.52578125 0.16015625 0.340625