5 0.41953125 0.42421875 0.33671875 0.1515625
11 0.2375 0.446875 0.03828125 0.065625
8 0.64296875 0.47734375 0.07890625 0.0765625
1 0.92578125 0.52265625 0.03203125 0.0640625
6 0.6484375 0.584375 0.14609375 0.4984375
10 0.11796875 0.590625 0.05703125 0.09453125
7 0.41796875 0.61484375 0.1109375 0.0796875
4 0.27734375 0.7453125 0.42421875 0.209375
14 0.83046875 0.7703125 0.10390625 0.2296875
14 0.51015625 0.81796875 0.10546875 0.23984375
14 0.1640625 0.86640625 0.11875 0.10703125
3 0.75546875 0.571875 0.1453125 0.44375