5 0.53046875 0.5234375 0.3484375 0.1625
8 0.7 0.58984375 0.0671875 0.065625
11 0.33046875 0.5953125 0.09140625 0.11796875
2 0.08828125 0.653125 0.05859375 0.08984375
9 0.3203125 0.67421875 0.17734375 0.421875
10 0.5734375 0.69765625 0.1546875 0.096875
7 0.85625 0.71328125 0.07734375 0.08984375
14 0.1421875 0.80859375 0.11875 0.234375
4 0.70234375 0.821875 0.4328125 0.15859375
14 0.45859375 0.83984375 0.12265625 0.26484375
14 0.8046875 0.92734375 0.1453125 0.084375
3 0.22734375 0.6546875 0.121875 0.35703125