5 0.52890625 0.36875 0.44375 0.1984375
8 0.775 0.42734375 0.06484375 0.065625
11 0.2421875 0.47109375 0.09453125 0.0859375
9 0.25390625 0.5515625 0.109375 0.53828125
7 0.8515625 0.5734375 0.07734375 0.12109375
10 0.44296875 0.59921875 0.128125 0.128125
2 0.09765625 0.6015625 0.01875 0.10390625
4 0.62265625 0.74609375 0.55625 0.17890625
14 0.82734375 0.82890625 0.1828125 0.26484375
14 0.365625 0.83359375 0.1765625 0.32578125
14 0.17265625 0.84296875 0.1046875 0.2828125
14 0.5765625 0.91171875 0.109375 0.075