5 0.4625 0.39609375 0.328125 0.16328125
11 0.2921875 0.43984375 0.03828125 0.04921875
8 0.6625 0.44296875 0.0734375 0.071875
1 0.8515625 0.4765625 0.021875 0.08125
6 0.671875 0.521875 0.15390625 0.45859375
7 0.46875 0.57109375 0.14609375 0.11953125
10 0.19296875 0.5859375 0.05625 0.09296875
14 0.8125 0.72890625 0.096875 0.2125
4 0.3484375 0.76953125 0.3953125 0.11328125
14 0.5515625 0.78125 0.11640625 0.24296875
14 0.23359375 0.83984375 0.128125 0.09140625
3 0.7671875 0.5265625 0.11796875 0.4390625