5 0.58984375 0.53203125 0.2875 0.125
11 0.42265625 0.57421875 0.0578125 0.05078125
8 0.73671875 0.578125 0.03359375 0.03984375
9 0.40625 0.6328125 0.12734375 0.353125
2 0.1265625 0.6484375 0.01640625 0.1046875
10 0.6 0.68125 0.10234375 0.07265625
7 0.83203125 0.68828125 0.04609375 0.06484375
4 0.69296875 0.77890625 0.34375 0.15234375
14 0.209375 0.81875 0.0890625 0.203125
14 0.5328125 0.8390625 0.1453125 0.2171875
14 0.7859375 0.8859375 0.16640625 0.115625
3 0.33125 0.64375 0.12578125 0.34140625